camera_matrix:
- - 1463.3553486374078
  - 0.0
  - 931.2873145728869
- - 0.0
  - 1467.9566757355885
  - 568.5359788369756
- - 0.0
  - 0.0
  - 1.0
dist_coeff:
- - 0.0938645487164621
  - -0.2671170109637458
  - 0.0006533847449705135
  - -0.0018350160173146114
  - 0.29876967682709427
